UTM E, UTM N
369382.4749464277 ,  3280341.66564046
369382.4749464277 ,  3280341.66564046
369382.4749464277 ,  3280341.66564046
369382.66338490555 ,  3280341.220112651
369382.66338490555 ,  3280341.220112651
369382.66338490555 ,  3280341.220112651
369382.66338490555 ,  3280341.220112651
369382.66338490555 ,  3280341.220112651
369382.2710126126 ,  3280340.7813525866
369382.2710126126 ,  3280340.7813525866
369382.2710126126 ,  3280340.7813525866
369382.2710126126 ,  3280340.7813525866
369382.2710126126 ,  3280340.7813525866
369381.7831297687 ,  3280340.454538473
369381.7831297687 ,  3280340.454538473
369381.7831297687 ,  3280340.454538473
369381.7831297687 ,  3280340.454538473
369381.7831297687 ,  3280340.454538473
369381.49014179356 ,  3280340.2362864185
369381.49014179356 ,  3280340.2362864185
369381.49014179356 ,  3280340.238642613
369381.49014179356 ,  3280340.257492169
369381.49014179356 ,  3280340.3776580878
369381.0022589049 ,  3280339.909472337
369381.0022589049 ,  3280340.1851470927
369381.0022589049 ,  3280340.449040876
369381.0022589049 ,  3280340.842525356
369381.0022589049 ,  3280341.3043394755
369379.26370032167 ,  3280340.3140661344
369379.26370032167 ,  3280340.7805926437
369379.26370032167 ,  3280341.117528456
369379.26370032167 ,  3280341.6264664666
369379.26370032167 ,  3280342.02701953
369376.3583548791 ,  3280340.175827034
369376.3583548791 ,  3280340.175827034
369376.3583548791 ,  3280340.1805394227
369376.3583548791 ,  3280340.175827034
369376.3583548791 ,  3280340.359610204
369375.00312960596 ,  3280340.2882232326
369375.00312960596 ,  3280340.563897988
369375.00312960596 ,  3280340.8136546034
369375.00312960596 ,  3280341.068123608
369375.00312960596 ,  3280341.3013868625
369372.77023121854 ,  3280339.7482971055
369372.77023121854 ,  3280339.9650669983
369372.77023121854 ,  3280340.155918752
369372.77023121854 ,  3280340.4080315623
369372.77023121854 ,  3280340.8015160416
369370.5476637567 ,  3280340.0713532823
369370.5476637567 ,  3280340.4294948447
369370.5476637567 ,  3280340.759362073
369370.5476637567 ,  3280341.068023551
369370.5476637567 ,  3280341.3342735283
369366.9750368602 ,  3280340.910023679
369366.9750368602 ,  3280341.0443267655
369366.9750368602 ,  3280341.199835602
369366.9750368602 ,  3280341.3694816055
369366.9750368602 ,  3280341.5226342473
369365.236478764 ,  3280341.222728088
369365.236478764 ,  3280341.4394979817
369365.236478764 ,  3280341.5431705397
369365.236478764 ,  3280341.7316660993
369365.236478764 ,  3280341.842407241
369363.40499336645 ,  3280341.937344468
369363.40499336645 ,  3280342.0103864977
369363.40499336645 ,  3280342.168251529
369363.40499336645 ,  3280342.3237603656
369363.40499336645 ,  3280342.4745568126
369361.66772700276 ,  3280342.4009227254
369361.66772700276 ,  3280342.6648165085
369361.66772700276 ,  3280342.902792152
369361.66772700276 ,  3280343.1619735463
369361.66772700276 ,  3280343.4046615786
369359.5380876003 ,  3280342.4045362077
369359.5380876003 ,  3280342.666073796
369359.5380876003 ,  3280342.882843689
369359.5380876003 ,  3280342.986516246
369359.5380876003 ,  3280343.144381277
369357.591719581 ,  3280341.514637521
369357.591719581 ,  3280341.6418720237
369357.591719581 ,  3280341.747900776
369357.591719581 ,  3280341.9081220017
369357.591719581 ,  3280342.0165069485
369355.8467041095 ,  3280341.3580765002
369355.8467041095 ,  3280341.5206539202
369355.8467041095 ,  3280341.654957006
369355.8467041095 ,  3280341.7468485916
369355.8467041095 ,  3280341.996605208
369354.38434464496 ,  3280340.512017512
369354.38434464496 ,  3280340.75234935
369354.38434464496 ,  3280340.969119243
369354.38434464496 ,  3280341.2188758585
369354.38434464496 ,  3280341.355535139
369354.38434464496 ,  3280341.5204687533
369353.3982446485 ,  3280339.0590270245
369353.3982446485 ,  3280339.132069054
369353.3982446485 ,  3280339.318208419
369353.3982446485 ,  3280339.4171685874
369353.3982446485 ,  3280339.5915269796
369352.23274804116 ,  3280338.6741381953
369352.23274804116 ,  3280338.850852783
369352.23274804116 ,  3280339.0322797587
369352.23274804116 ,  3280339.041704537
369351.65193708596 ,  3280338.6031531002
369351.65193708596 ,  3280338.7162504364
369351.65193708596 ,  3280338.852909717
369351.65193708596 ,  3280338.970719442
369351.65193708596 ,  3280339.1003101394
369352.13982094603 ,  3280338.9558840753
369352.13982094603 ,  3280339.061912827
369352.13982094603 ,  3280339.059556633
369352.13982094603 ,  3280339.059556633
369352.13982094603 ,  3280339.059556633
369353.8938777972 ,  3280339.8928827858
369353.8938777972 ,  3280340.0554602053
369353.8938777972 ,  3280340.265161515
369353.8938777972 ,  3280340.6421526335
369353.8938777972 ,  3280340.9437455283
369354.55340876494 ,  3280338.390082323
369354.55340876494 ,  3280338.434850019
369354.55340876494 ,  3280338.4207128524
369354.55340876494 ,  3280338.423069047
369354.55340876494 ,  3280338.4207128524
369355.02321088285 ,  3280337.172512151
369355.02321088285 ,  3280337.469392657
369355.02321088285 ,  3280337.8463837747
369355.02321088285 ,  3280338.218662504
369355.02321088285 ,  3280338.5956536224
369358.1957157705 ,  3280335.291431886
369358.1957157705 ,  3280335.564750447
369358.1957157705 ,  3280335.649573449
369358.1957157705 ,  3280335.637792477
369358.1957157705 ,  3280335.633080088
369359.62837107334 ,  3280333.5085672676
369359.62837107334 ,  3280333.5085672676
369359.62837107334 ,  3280333.539197796
369359.62837107334 ,  3280333.737118133
369359.62837107334 ,  3280334.0222176663
369360.1020484526 ,  3280332.6799999424
369360.1020484526 ,  3280333.146526451
369360.1020484526 ,  3280333.5235175695
369360.1020484526 ,  3280333.5612166813
369360.1020484526 ,  3280333.5235175695
369360.57443442097 ,  3280331.644010691
369360.57443442097 ,  3280331.9173292518
369360.57443442097 ,  3280332.171798256
369360.57443442097 ,  3280332.4356920393
369360.57443442097 ,  3280332.680736266
369361.0571523546 ,  3280331.5864568665
369361.0571523546 ,  3280331.902186928
369361.0571523546 ,  3280332.156655933
369361.0571523546 ,  3280332.40170016
369361.0571523546 ,  3280332.649100581
369361.2675454043 ,  3280332.991847574
369361.2675454043 ,  3280333.1214382704
369361.2675454043 ,  3280333.298152857
369361.2675454043 ,  3280333.5361285005
369361.2675454043 ,  3280333.6445134473
369361.577323233 ,  3280334.6389518543
369361.577323233 ,  3280334.860434137
369361.577323233 ,  3280335.2209318937
369361.577323233 ,  3280335.557867706
369361.577323233 ,  3280335.937215019
369361.57990619517 ,  3280334.940698422
369361.57990619517 ,  3280335.312977151
369361.57990619517 ,  3280335.7064616308
369361.57990619517 ,  3280335.8902448006
369361.57990619517 ,  3280336.1329328334
369363.04872310266 ,  3280336.3267110717
369363.04872310266 ,  3280336.5364123806
369363.04872310266 ,  3280336.7626070515
369363.04872310266 ,  3280337.0241446397
369363.04872310266 ,  3280337.27625745
369363.7366676899 ,  3280337.186508489
369363.7366676899 ,  3280337.407990771
369363.7366676899 ,  3280337.627116859
369363.7366676899 ,  3280337.9098601975
369363.7366676899 ,  3280338.1219177013
369364.72018345934 ,  3280338.464987772
369364.72018345934 ,  3280338.6864700536
369364.72018345934 ,  3280338.8985275575
369364.72018345934 ,  3280339.12000984
369364.72018345934 ,  3280339.3791912342
369366.4690734562 ,  3280339.045895699
369366.4690734562 ,  3280339.3804753167
369366.4690734562 ,  3280339.667931045
369366.4690734562 ,  3280339.936537217
369366.4690734562 ,  3280340.223992945
369366.9634139861 ,  3280339.9432924115
369366.9634139861 ,  3280340.1977614164
369366.9634139861 ,  3280340.478148561
369366.9634139861 ,  3280340.751467122
369366.9634139861 ,  3280341.0153609053
369366.97891115234 ,  3280341.270751945
369366.97891115234 ,  3280341.4922342277
369366.97891115234 ,  3280341.711360315
369366.97891115234 ,  3280341.96582932
369366.97891115234 ,  3280342.1920239907
369366.70142009424 ,  3280342.3304797197
369366.70142009424 ,  3280342.5448934184
369366.70142009424 ,  3280342.820568174
369366.70142009424 ,  3280343.0538314288
369366.70142009424 ,  3280343.218765043
369366.03284765186 ,  3280343.154157552
369366.03284765186 ,  3280343.4981619474
369366.03284765186 ,  3280343.816248203
369366.03284765186 ,  3280344.0589362355
369366.03284765186 ,  3280344.3511043526
369364.58211235725 ,  3280343.281897129
369364.58211235725 ,  3280343.5222289674
369364.58211235725 ,  3280343.7743417774
369364.58211235725 ,  3280344.021742199
369364.58211235725 ,  3280344.2479368704
369362.8358058521 ,  3280342.9791741366
369362.8358058521 ,  3280343.2030126136
369362.8358058521 ,  3280343.4197825072
369362.8358058521 ,  3280343.641264789
369362.8358058521 ,  3280343.8886652105
369360.90235311684 ,  3280343.155043179
369360.90235311684 ,  3280343.402443601
369360.90235311684 ,  3280343.6616249946
369360.90235311684 ,  3280343.932587361
369360.90235311684 ,  3280344.16820681
369358.77658839937 ,  3280343.526453669
369358.77658839937 ,  3280343.773854091
369358.77658839937 ,  3280344.0377478735
369358.77658839937 ,  3280344.3039978505
369358.77658839937 ,  3280344.5867411895
369357.50524997996 ,  3280342.3975971434
369357.50524997996 ,  3280342.652066149
369357.50524997996 ,  3280343.0267010727
369357.50524997996 ,  3280343.448459886
369357.50524997996 ,  3280343.879643478
369357.4794194881 ,  3280340.256635773
369357.4794194881 ,  3280340.6501202527
369357.4794194881 ,  3280340.9752750923
369357.4794194881 ,  3280341.331060461
369357.4794194881 ,  3280341.7787374137
369359.3960831312 ,  3280338.498760762
369359.3960831312 ,  3280338.9864930217
369359.3960831312 ,  3280339.3257850283
369359.3960831312 ,  3280339.7310504806
369359.3960831312 ,  3280340.0279309866
369361.80967133824 ,  3280337.9965778408
369361.80967133824 ,  3280338.0814008424
369361.80967133824 ,  3280338.1591552603
369361.80967133824 ,  3280338.2675402067
369361.80967133824 ,  3280338.352363209
369363.0706780519 ,  3280338.175273775
369363.0706780519 ,  3280338.2977958885
369363.0706780519 ,  3280338.495716226
369363.0706780519 ,  3280338.615882145
369363.0706780519 ,  3280338.816158676
369363.9483517882 ,  3280338.716854385
369363.9483517882 ,  3280338.9878167515
369363.9483517882 ,  3280339.251710534
369363.9483517882 ,  3280339.534453873
369363.9483517882 ,  3280339.807772434
369365.31132596754 ,  3280339.3730372777
369365.31132596754 ,  3280339.667561589
369365.31132596754 ,  3280339.971510678
369365.31132596754 ,  3280340.221267294
369365.31132596754 ,  3280340.5205039945
369367.2589851292 ,  3280340.383180051
369367.2589851292 ,  3280340.743677808
369367.2589851292 ,  3280341.104175565
369367.2589851292 ,  3280341.485879072
369367.2589851292 ,  3280341.917062663
369368.620667494 ,  3280340.9450387186
369368.620667494 ,  3280341.293755504
369368.620667494 ,  3280341.760282012
369368.620667494 ,  3280342.165547464
369368.620667494 ,  3280342.4671403584
369368.4386866379 ,  3280341.9140261402
369368.4386866379 ,  3280341.975287197
369368.4386866379 ,  3280342.041260643
369368.4386866379 ,  3280342.020054892
369368.4386866379 ,  3280342.020054892
369368.1482812597 ,  3280341.83258738
369368.1482812597 ,  3280341.83258738
369368.1482812597 ,  3280341.83258738
369368.1482812597 ,  3280341.83258738
369368.1482812597 ,  3280341.83258738
369368.1444070014 ,  3280341.5001334473
369368.1444070014 ,  3280341.5001334473
369368.1444070014 ,  3280341.6132307826
369368.1444070014 ,  3280341.8724121763
369368.1444070014 ,  3280342.159867904
369368.9020330184 ,  3280340.13294193
369368.9020330184 ,  3280340.439247214
369368.9020330184 ,  3280340.738483914
369368.9020330184 ,  3280341.080132115
369368.9020330184 ,  3280341.346382092
369367.62423816 ,  3280338.46648776
369367.62423816 ,  3280338.7138881814
369367.62423816 ,  3280338.7138881814
369367.62423816 ,  3280338.803423572
369367.62423816 ,  3280338.803423572
369367.62423816 ,  3280338.817560739
369367.21249376255 ,  3280336.3183346563
369367.21249376255 ,  3280336.323047045
369367.21249376255 ,  3280336.323047045
369367.21249376255 ,  3280336.323047045
369369.53186373715 ,  3280335.9423134974
369369.53186373715 ,  3280335.9423134974
369369.53186373715 ,  3280335.9423134974
369369.53186373715 ,  3280335.9423134974
369369.53186373715 ,  3280335.9423134974
369369.53186373715 ,  3280335.9423134974
369369.53186373715 ,  3280335.9423134974
369369.53186373715 ,  3280335.9423134974
369369.53186373715 ,  3280335.9423134974
369371.9506184451 ,  3280335.803294086
369371.9506184451 ,  3280335.803294086
369371.9506184451 ,  3280335.803294086
369371.9506184451 ,  3280335.803294086
369371.9506184451 ,  3280335.803294086
369371.9506184451 ,  3280335.803294086
369373.9834571623 ,  3280335.7796052857
369373.9834571623 ,  3280335.7796052857
369373.9834571623 ,  3280335.7796052857
369373.9834571623 ,  3280335.7796052857
369373.9834571623 ,  3280335.7796052857
369373.9834571623 ,  3280335.7796052857
369374.86500455934 ,  3280336.6559968553
369374.86500455934 ,  3280336.6559968553
369374.86500455934 ,  3280336.6559968553
369375.649749991 ,  3280337.533516504
369375.649749991 ,  3280337.533516504
369375.649749991 ,  3280337.533516504
369375.649749991 ,  3280337.533516504
369376.81782858714 ,  3280338.0740702506
369376.81782858714 ,  3280338.0740702506
369376.81782858714 ,  3280338.0740702506
369376.81782858714 ,  3280338.0740702506
369376.81782858714 ,  3280338.0740702506
369376.81782858714 ,  3280338.0740702506
369377.79876004107 ,  3280339.170969981
369377.79876004107 ,  3280339.170969981
369377.79876004107 ,  3280339.170969981
369377.79876004107 ,  3280339.170969981
369379.06880540587 ,  3280340.153667854
369379.06880540587 ,  3280340.153667854
369379.06880540587 ,  3280340.153667854
369380.0497364605 ,  3280341.250567769
369380.0497364605 ,  3280341.250567769
369380.0497364605 ,  3280341.250567769
369380.0497364605 ,  3280341.250567769
369380.8370637577 ,  3280342.3497237084
369380.8370637577 ,  3280342.352079903
369380.8370637577 ,  3280342.359148486
369380.8370637577 ,  3280342.359148486
369380.8370637577 ,  3280342.359148486
369381.2281447698 ,  3280342.7035838882
369381.2281447698 ,  3280343.007532977
369381.2281447698 ,  3280343.3138382607
369381.2281447698 ,  3280343.452853736
369381.2281447698 ,  3280343.702610352
369381.0409976684 ,  3280343.229299171
369381.0409976684 ,  3280343.476699592
369381.0409976684 ,  3280343.5591663993
369381.0409976684 ,  3280343.851334516
369381.0409976684 ,  3280344.183557939
369381.51209367573 ,  3280342.155534893
369381.51209367573 ,  3280342.541950789
369381.51209367573 ,  3280342.852968462
369381.51209367573 ,  3280343.258233914
369381.51209367573 ,  3280343.6093068933
369381.9986851732 ,  3280342.46106641
369381.9986851732 ,  3280342.790933639
369381.9986851732 ,  3280343.137294229
369381.9986851732 ,  3280343.5095729586
369381.9986851732 ,  3280343.8088096585
369382.9899459413 ,  3280344.44451036
369382.9899459413 ,  3280344.7885147557
369382.9899459413 ,  3280345.0241342043
369382.9899459413 ,  3280345.3563576275
369382.9899459413 ,  3280345.80874697
369383.29972031445 ,  3280346.1128208907
369383.29972031445 ,  3280346.4426881196
369383.29972031445 ,  3280346.961050908
369383.29972031445 ,  3280347.267356192
369383.29972031445 ,  3280347.6207853653
369383.29972031445 ,  3280347.64434731
369384.7582028901 ,  3280346.774869882
369384.7582028901 ,  3280347.2673145314
369384.7582028901 ,  3280347.3992614225
369384.7582028901 ,  3280347.52885212
369384.25482522236 ,  3280344.91325106
369384.25482522236 ,  3280344.9957178673
369384.25482522236 ,  3280345.0263483953
369384.25482522236 ,  3280345.120596175
369384.25482522236 ,  3280345.1771448427
369384.25482522236 ,  3280345.2525430666
369384.25482522236 ,  3280345.3090917342
369384.25482522236 ,  3280345.302023151
369386.1456669917 ,  3280341.1982026664
369386.1456669917 ,  3280341.398479198
369386.1456669917 ,  3280341.407903976
369385.8617178282 ,  3280341.515344475
369385.8617178282 ,  3280341.515344475
369385.8617178282 ,  3280341.5177006694
369385.8617178282 ,  3280341.5177006694
369385.8617178282 ,  3280341.5459750034
369385.8617178282 ,  3280341.732114368
369385.8617178282 ,  3280341.732114368
369385.8617178282 ,  3280341.732114368
369385.8617178282 ,  3280341.81693737
369385.8617178282 ,  3280341.9135413445
369385.8617178282 ,  3280341.9017603723
369384.8807873879 ,  3280340.418444071
369384.8807873879 ,  3280340.413731682
369384.8807873879 ,  3280340.4208002654
369384.8807873879 ,  3280340.4372936264
369384.8807873879 ,  3280340.4372936264
369384.8807873879 ,  3280340.4372936264
369384.8807873879 ,  3280340.4372936264
369384.8807873879 ,  3280340.4372936264
369384.8807873879 ,  3280340.4372936264
369384.8807873879 ,  3280340.4372936264
369382.5033545487 ,  3280344.1036358867
369382.5033545487 ,  3280344.1036358867
369382.5033545487 ,  3280344.1578283594
369382.5033545487 ,  3280344.164896943
369382.5033545487 ,  3280344.2615009174
369380.29886597226 ,  3280346.0134847206
369380.29886597226 ,  3280346.020553304
369380.29886597226 ,  3280346.006416137
369380.29886597226 ,  3280346.027621887
369380.29886597226 ,  3280346.022909499
369380.29886597226 ,  3280346.067677194
369380.29886597226 ,  3280346.1265820563
369379.3205179506 ,  3280345.1664950754
369379.3205179506 ,  3280345.1664950754
369379.3205179506 ,  3280345.182988437
369379.3205179506 ,  3280345.182988437
369379.3205179506 ,  3280345.2348247156
369379.3205179506 ,  3280345.2348247156
369379.3205179506 ,  3280345.232468521
369379.3205179506 ,  3280345.232468521
369379.3205179506 ,  3280345.2630990497
369379.3205179506 ,  3280345.2630990497
369379.3205179506 ,  3280345.279592411
369379.3205179506 ,  3280345.265455244
369379.3205179506 ,  3280345.324360106
369379.3205179506 ,  3280345.324360106
369379.3205179506 ,  3280345.281948605
369379.3205179506 ,  3280345.3856211626
369379.3205179506 ,  3280345.314935328
369379.3205179506 ,  3280345.314935328
369379.3205179506 ,  3280345.409183108
369379.1010881871 ,  3280342.924117217
369379.1010881871 ,  3280342.917048633
369379.1010881871 ,  3280343.0890508317
369379.1010881871 ,  3280343.067845082
369379.1010881871 ,  3280343.067845082
369379.1010881871 ,  3280343.070201277
369379.1010881871 ,  3280343.1267499444
369380.0252017378 ,  3280339.2510550125
369380.0252017378 ,  3280339.267548374
369380.0252017378 ,  3280339.399495266
369380.0252017378 ,  3280339.4230572106
369380.0252017378 ,  3280339.4207010167
369381.63467660116 ,  3280336.0771399722
369381.63467660116 ,  3280336.1360448347
369381.63467660116 ,  3280336.1195514733
369381.63467660116 ,  3280336.1407572236
369381.63467660116 ,  3280336.1407572236
369384.297351621 ,  3280331.8910998814
369384.297351621 ,  3280331.8910998814
369384.297351621 ,  3280331.8910998814
369384.297351621 ,  3280331.8910998814
369384.297351621 ,  3280331.8910998814
369388.0583820676 ,  3280322.3156375447
369388.0583820676 ,  3280322.3156375447
369388.0583820676 ,  3280322.3156375447
369388.0583820676 ,  3280322.3156375447
369391.2501916119 ,  3280305.4318303596
369391.2501916119 ,  3280305.4318303596
369391.2501916119 ,  3280305.4318303596
369391.2501916119 ,  3280305.4318303596
369391.2501916119 ,  3280305.4318303596
369391.2501916119 ,  3280305.4318303596
369391.2501916119 ,  3280305.4318303596
369391.2501916119 ,  3280305.4318303596
369391.2501916119 ,  3280305.4318303596
369393.79670867254 ,  3280299.638843956
369393.79670867254 ,  3280299.638843956
369393.79670867254 ,  3280299.638843956
369393.79670867254 ,  3280299.638843956
369393.79670867254 ,  3280299.66711829
369393.79670867254 ,  3280299.7118859855
369393.79670867254 ,  3280299.810846154
369394.08711511997 ,  3280299.6331042247
369394.08711511997 ,  3280299.6331042247
369394.08711511997 ,  3280299.6331042247
369393.77605034265 ,  3280297.8657565196
369393.77605034265 ,  3280297.8657565196
369393.77605034265 ,  3280297.8657565196
369393.7515185891 ,  3280295.750790415
369394.78019086475 ,  3280292.6449059476
369394.78019086475 ,  3280292.6449059476
369393.79925734247 ,  3280291.548004713
369393.79925734247 ,  3280291.548004713
369393.5023949609 ,  3280290.997298432
369393.5023949609 ,  3280290.997298432
369393.5023949609 ,  3280290.997298432
369393.5023949609 ,  3280290.997298432
369393.5023949609 ,  3280290.997298432
369393.5023949609 ,  3280291.0043670153
369393.5023949609 ,  3280291.034997544
369393.5023949609 ,  3280291.067984266
369393.5023949609 ,  3280291.013791793
369393.5023949609 ,  3280291.044422321
369393.5023949609 ,  3280291.105683378
369393.5023949609 ,  3280291.039709932
369393.5023949609 ,  3280291.0467785154
369393.5023949609 ,  3280290.9949422367
369393.5023949609 ,  3280291.084477627
369393.5023949609 ,  3280291.0538470987
369393.5023949609 ,  3280291.0538470987
369393.5023949609 ,  3280291.034997543
369393.5023949609 ,  3280291.034997543
369393.5023949609 ,  3280291.034997543
369393.5023949609 ,  3280291.0962586
369393.5023949609 ,  3280291.124532934
369393.5023949609 ,  3280291.086833822
369393.5023949609 ,  3280291.0750528495
369393.5023949609 ,  3280291.0750528495
369393.5023949609 ,  3280291.110395767
369393.5023949609 ,  3280291.11746435
369393.5023949609 ,  3280291.0915462105
369393.5023949609 ,  3280291.152807267
369393.5023949609 ,  3280291.0939024044
369393.5023949609 ,  3280291.150451072
369393.5023949609 ,  3280291.1245329324
369393.5023949609 ,  3280291.1645882386
369393.5023949609 ,  3280291.1056833765
369393.5023949609 ,  3280291.1740130167
369393.5023949609 ,  3280291.2753293808
369393.5023949609 ,  3280291.2164245187
369393.5023949609 ,  3280291.294178937
369393.5023949609 ,  3280291.305959909
