UTM E, UTM N
369387.7628905698 ,  3280338.5007008207
369387.7628905698 ,  3280338.5007008207
369387.95262053364 ,  3280338.165991085
369390.43718789815 ,  3280335.366216442
369390.8011538137 ,  3280333.3669814286
369391.75367822335 ,  3280332.0258869943
369391.36388836894 ,  3280331.8087625597
369390.8824613892 ,  3280332.0360379005
369388.40434921137 ,  3280335.3899022555
369388.40434921137 ,  3280335.3899022555
369388.4946949786 ,  3280334.834684495
369387.72028019896 ,  3280334.8437077515
369387.89838924556 ,  3280333.511636277
369387.22335868905 ,  3280333.7411675984
369386.2656700099 ,  3280334.6389905578
369386.0785225047 ,  3280335.195336266
369386.9600689544 ,  3280336.071728751
369388.2326962417 ,  3280337.2760635847
369388.9270947835 ,  3280338.7088018903
369388.25593818637 ,  3280339.2707870775
369388.07912044926 ,  3280340.7136765327
369388.2908011275 ,  3280342.2628723285
369385.4332326213 ,  3280346.2861569826
369383.7256653775 ,  3280349.2985452325
369379.96331119956 ,  3280350.4507156513
369379.96331119956 ,  3280350.4507156513
369377.9330578314 ,  3280350.696039417
369378.36670486355 ,  3280346.368498374
369377.88011345884 ,  3280346.1525024073
369379.4250675733 ,  3280345.8020006064
369380.2949920684 ,  3280345.6810307964
369380.8770939004 ,  3280345.785080918
369379.42377626343 ,  3280345.6911826315
369380.38275472383 ,  3280344.904176994
369380.2898268637 ,  3280345.2377588963
369379.8045267581 ,  3280345.132580821
369379.12820574245 ,  3280345.25129469
369378.6506535263 ,  3280345.811024517
369377.97949786094 ,  3280346.3730103597
369379.13853624434 ,  3280346.1378384917
369379.81098328775 ,  3280345.686670696
369379.6186710848 ,  3280345.7997446368
369380.36725912656 ,  3280343.5743612996
369381.030667328 ,  3280342.347467765
369381.52113268944 ,  3280342.895917794
369383.2700210762 ,  3280343.429704402
369383.76048628177 ,  3280343.978154525
369383.19904474367 ,  3280345.647191835
369383.0196452529 ,  3280346.8684454593
369382.7511917464 ,  3280348.755734895
369383.0325580037 ,  3280347.9766252036
369383.3281283011 ,  3280348.4165132404
369382.8415370863 ,  3280348.200517065
369382.8415370863 ,  3280348.200517065
369382.8518673057 ,  3280349.0870608618
369382.3639848317 ,  3280348.7602467323
369383.374614139 ,  3280352.405960333
369384.07030376705 ,  3280353.949516331
369385.07189332927 ,  3280356.8195042475
369385.12612625514 ,  3280361.4738592263
369385.87217411504 ,  3280367.3393164
369385.9134943396 ,  3280370.885491661
369386.36134695786 ,  3280367.7769486336
369386.152248789 ,  3280366.449388782
369385.93540305283 ,  3280364.456921077
369386.38842103427 ,  3280361.791649989
369386.5755680321 ,  3280361.2353042513
369386.5587818305 ,  3280359.7946705692
369384.8137699194 ,  3280359.593337461
369383.36174539715 ,  3280359.6102567036
369380.7829664549 ,  3280362.6327971946
369380.7829664549 ,  3280362.6327971946
369378.88954795664 ,  3280366.3123502126
369374.862622618 ,  3280369.684266188
369373.5848317816 ,  3280368.0366609795
369373.5848317816 ,  3280368.0366609795
369376.1790541372 ,  3280358.0314580547
369376.8269648579 ,  3280355.474748477
369376.4397092243 ,  3280347.166784268
369376.25901915616 ,  3280348.277220055
369378.1782666516 ,  3280346.814026266
369378.94751536805 ,  3280346.36173042
369378.8481309853 ,  3280346.1412224597
369378.173101361 ,  3280346.3707543653
369377.5084023987 ,  3280347.486830117
369377.9924111076 ,  3280347.481190115
369377.99111978273 ,  3280347.37037214
369376.91726127034 ,  3280346.6070543416
369376.91726127034 ,  3280346.6070543416
369369.98240319255 ,  3280349.680358439
369369.98240319255 ,  3280349.680358439
369363.47479119746 ,  3280356.184511851
369359.6130564399 ,  3280357.1161814304
369357.95451287995 ,  3280356.0271804547
166021.4431793313 ,  0.0
369354.26184206386 ,  3280354.851053868
369355.05950354645 ,  3280356.8367519327
369354.394807501 ,  3280357.9528291766
369351.8534242138 ,  3280355.876621118
369349.98706864164 ,  3280353.5708799222
369350.32519463194 ,  3280349.355283611
369352.2237734948 ,  3280346.118997545
369352.5141787769 ,  3280346.1156128873
369353.7919751311 ,  3280347.7632158445
369354.4850860494 ,  3280349.0851341905
369354.76645036746 ,  3280348.306023719
369355.43760481715 ,  3280347.744036438
369356.2107272458 ,  3280347.624192938
369356.8767156709 ,  3280346.618933827
369358.6049405933 ,  3280345.3796289326
369358.7895035308 ,  3280344.6016467437
369359.45161785925 ,  3280343.2639338663
369360.88039776275 ,  3280341.2522879806
369360.95524423476 ,  3280339.3672541976
369359.69294611237 ,  3280339.049466191
369358.0498982084 ,  3280339.290280885
369356.5114013804 ,  3280340.1948755183
369356.60562012374 ,  3280339.9721113774
369356.8043898738 ,  3280340.413126937
369358.06927098485 ,  3280340.952550576
369360.3925142732 ,  3280340.925474775
369362.3233844326 ,  3280340.4596400615
369365.31132596754 ,  3280339.31648861
369365.31132596754 ,  3280339.31648861
369365.21323270653 ,  3280339.2067987397
369364.242631625 ,  3280338.996443887
369362.79060433805 ,  3280339.013365698
369362.8848232174 ,  3280338.790601616
369362.40081411204 ,  3280338.7962422566
369362.1065342165 ,  3280338.467172717
369360.1730807201 ,  3280338.711371496
369359.2153945465 ,  3280339.609196864
369360.8739403078 ,  3280340.698198086
369360.6674217705 ,  3280339.592274587
369360.86102540104 ,  3280339.5900182975
369360.9578272138 ,  3280339.5888901544
369359.51613202307 ,  3280340.492356227
369360.21828313486 ,  3280342.59000076
369361.2069648482 ,  3280344.351806965
369361.2069648482 ,  3280344.351806965
369362.1878973866 ,  3280345.4487053733
369362.1878973866 ,  3280345.4487053733
369362.47701119946 ,  3280345.334502996
369362.47184529086 ,  3280344.891231079
